# Good Color Palettes for Accessible Data Viz

okabe_ito <- c(
  "#E69F00",  # orange
  "#56B4E9",  # sky blue
  "#009E73",  # bluish green
  "#F0E442",  # yellow
  "#0072B2",  # blue
  "#D55E00",  # vermillion
  "#CC79A7"   # reddish purple
)

tableau_10 <- c(
  "#4E79A7", "#F28E2B", "#E15759", "#76B7B2",
  "#59A14F", "#EDC948", "#B07AA1"
)

tol_7 <- c(
  "#332288", "#117733", "#88CCEE", "#DDCC77",
  "#CC6677", "#AA4499", "#44AA99"
)

